	AAA027I06	acidovorax_avenae_subsp._avenae_atcc_19860	acidovorax_avenae_subsp._citrulli_aac00-1	acidovorax_sp._js42	acidovorax_sp._kks102	alicycliphilus_denitrificans_bc	alicycliphilus_denitrificans_k601	candidatus_symbiobacter_mobilis_cr	comamonas_testosteroni_cnb-1	comamonas_testosteroni_tk102	delftia_acidovorans_sph-1	delftia_sp._cs1-4	diaphorobacter_sp._tpsy	polaromonas_naphthalenivorans_cj2	polaromonas_sp._js666	ramlibacter_tataouinensis_ttb310	rhodoferax_ferrireducens_t118	tbepi.metabat.4548	tbhypo.metabat.1542	tbhypo.metabat.2159	tbhypo.metabat.2160	tbhypo.metabat.5891	variovorax_paradoxus_b4	variovorax_paradoxus_eps	variovorax_paradoxus_s110	verminephrobacter_eiseniae_ef01-2
AAA027I06	101.60	2.84	2.49	3.12	4.01	3.02	3.08	0.95	3.12	4.87	4.18	4.19	3.16	3.29	3.23	2.38	3.43	1.39	2.21	2.54	1.98	1.98	2.81	3.02	2.83	2.80
acidovorax_avenae_subsp._avenae_atcc_19860	3.02	114.04	81.35	30.55	26.52	33.54	32.02	3.44	14.04	15.81	27.57	26.48	36.78	14.44	10.36	22.78	8.17	11.67	11.84	10.07	11.58	1.64	21.99	19.65	22.96	15.01
acidovorax_avenae_subsp._citrulli_aac00-1	2.84	81.80	123.58	31.89	26.82	32.68	30.40	3.36	14.84	19.25	27.46	26.32	37.99	15.15	10.56	23.02	8.14	12.32	12.40	10.04	11.42	1.51	23.22	19.39	21.92	15.82
acidovorax_sp._js42	3.09	31.75	32.14	133.25	33.08	52.33	55.94	3.26	20.04	26.82	34.59	31.33	90.41	15.03	11.95	22.05	9.72	11.59	11.80	10.81	11.95	1.68	21.31	19.05	21.55	19.20
acidovorax_sp._kks102	3.88	26.82	26.56	32.59	108.49	30.15	29.55	3.36	17.30	24.57	27.75	25.48	38.34	17.90	13.79	21.90	10.84	13.05	13.27	13.37	14.81	2.75	20.90	18.63	21.13	22.16
alicycliphilus_denitrificans_bc	3.37	34.90	32.24	51.82	30.12	112.75	102.70	3.83	20.95	28.08	35.92	33.21	56.94	16.80	12.62	25.35	9.51	13.49	14.28	10.61	11.95	2.34	24.63	21.56	24.69	20.22
alicycliphilus_denitrificans_k601	2.73	33.57	30.44	56.13	30.04	102.18	122.96	3.83	19.14	27.05	34.24	32.47	59.69	17.21	12.59	25.96	8.50	13.99	14.49	11.27	13.05	1.98	23.10	20.26	23.38	18.96
candidatus_symbiobacter_mobilis_cr	0.94	3.24	3.36	3.35	2.99	3.57	3.84	113.31	2.44	3.80	3.94	3.88	3.27	2.74	2.02	2.96	3.11	1.86	2.11	1.96	1.84	0.32	3.45	3.04	3.51	3.40
comamonas_testosteroni_cnb-1	2.83	14.62	14.82	20.64	17.20	20.98	19.36	2.44	105.24	80.43	33.56	33.33	24.58	10.42	7.70	13.47	5.76	7.85	7.90	8.63	10.07	1.50	11.87	10.50	12.16	10.07
comamonas_testosteroni_tk102	4.74	16.25	19.38	26.49	24.12	27.56	26.61	3.84	80.18	124.94	37.87	33.01	32.57	12.25	8.14	14.60	7.50	8.40	8.20	9.18	10.08	1.67	12.08	10.59	12.43	11.07
delftia_acidovorans_sph-1	3.66	28.69	27.63	34.49	27.78	35.48	33.32	3.89	33.26	38.21	112.08	89.85	39.39	16.66	10.84	22.21	8.64	12.37	12.47	12.70	13.44	1.59	17.33	15.80	17.26	15.72
delftia_sp._cs1-4	3.63	27.92	26.77	31.31	25.71	32.65	31.57	3.95	33.77	33.73	90.21	110.53	36.30	16.16	10.92	22.13	8.68	12.64	12.58	12.64	13.35	1.89	17.59	15.95	17.38	16.03
diaphorobacter_sp._tpsy	2.91	39.03	38.62	90.61	39.25	57.71	59.39	3.23	23.97	33.19	39.81	36.88	105.27	17.13	13.54	23.67	11.59	11.01	11.53	10.07	10.89	1.92	24.66	22.30	25.27	20.76
polaromonas_naphthalenivorans_cj2	2.87	14.47	14.94	14.86	17.86	16.95	17.20	3.01	10.94	12.34	16.40	16.44	17.28	104.66	29.48	19.28	13.84	14.82	14.98	14.17	15.27	1.68	19.66	17.59	19.80	12.98
polaromonas_sp._js666	3.39	10.82	10.63	11.96	13.53	12.66	12.33	2.07	7.66	7.82	10.90	10.90	13.99	29.50	103.82	18.23	10.75	11.57	11.96	11.02	10.86	2.07	15.34	12.37	14.78	9.44
ramlibacter_tataouinensis_ttb310	2.50	23.77	23.32	22.44	21.86	26.19	26.38	2.82	13.76	15.21	22.87	22.44	24.02	18.33	18.78	114.30	10.53	15.76	16.27	12.43	12.68	2.08	29.60	26.30	30.78	17.67
rhodoferax_ferrireducens_t118	3.36	8.49	8.28	9.94	10.66	9.02	8.52	3.20	6.40	7.43	9.01	8.84	11.65	13.32	10.28	10.51	109.72	20.80	21.21	13.66	14.23	2.30	9.58	8.89	10.02	7.43
tbepi.metabat.4548	1.38	12.28	12.25	11.73	12.62	14.12	14.10	1.67	8.05	7.88	12.10	12.40	11.60	14.44	11.63	16.40	20.90	102.00	92.53	12.63	11.80	0.99	17.25	14.77	17.50	11.52
tbhypo.metabat.1542	2.01	12.10	12.43	12.40	12.75	14.00	14.24	2.01	8.33	8.40	12.62	12.60	12.10	14.90	11.72	16.56	21.13	92.04	102.43	12.92	12.45	1.14	17.59	15.24	18.10	11.30
tbhypo.metabat.2159	2.47	10.03	9.93	10.61	12.71	11.24	11.56	1.87	8.89	9.60	12.58	12.74	10.33	14.16	11.05	12.63	13.67	12.74	12.97	102.87	63.73	1.63	12.33	10.56	12.56	10.11
tbhypo.metabat.2160	2.59	11.51	11.23	12.18	15.09	12.46	12.79	1.57	10.28	10.04	13.22	13.05	11.47	14.75	11.16	13.25	14.64	12.01	12.98	64.38	104.64	1.51	12.77	11.44	12.97	11.02
tbhypo.metabat.5891	2.28	1.58	1.68	1.75	2.46	2.07	2.13	0.41	1.21	1.56	1.86	1.74	1.98	1.67	1.89	1.72	2.46	0.73	0.84	1.57	1.56	100.56	1.81	1.59	2.14	1.69
variovorax_paradoxus_b4	2.99	22.08	23.45	20.54	20.63	24.80	23.35	3.38	11.83	12.16	17.43	17.23	24.38	19.65	14.98	29.22	9.75	16.85	17.02	12.20	13.05	1.79	108.00	58.65	78.76	16.55
variovorax_paradoxus_eps	3.13	19.87	19.63	18.45	18.73	21.66	20.19	3.02	10.51	10.71	15.65	15.73	22.28	17.26	12.16	26.25	8.74	14.25	15.12	10.50	11.06	1.44	58.05	113.55	57.89	15.04
variovorax_paradoxus_s110	3.21	23.32	22.68	21.63	20.59	25.67	24.02	3.41	12.29	12.25	18.13	17.86	25.75	19.76	14.99	30.65	9.95	17.48	17.84	12.47	13.12	2.15	78.85	58.12	106.31	17.45
verminephrobacter_eiseniae_ef01-2	3.06	15.91	16.45	19.09	21.88	20.03	18.94	3.18	10.10	10.93	15.71	15.74	21.56	12.78	9.30	17.66	7.21	11.09	11.15	10.13	11.19	1.65	16.08	14.90	16.95	277.81
