	AAA027C02	burkholderia_cenocepacia_j2315	burkholderia_cepacia_ammd	burkholderia_mallei_atcc_23344	burkholderia_phymatum_stm815	burkholderia_phytofirmans_psjn	burkholderia_rhizoxinica_hki_454	burkholderia_thailandensis_e264	burkholderia_xenovorans_lb400	cupriavidus_metallidurans_ch34	cupriavidus_necator_n-1	cupriavidus_taiwanensis_str._lmg19424	pandoraea_pnomenusa_3kgm	pandoraea_pnomenusa_rb38	polunucleobacter_sp._fne-f8_bin_6_1_pnecc	polynucleobacter_necessarius_asymbioticus_mwh-mok4	polynucleobacter_necessarius_stir1_endosymbiont	polynucleobacter_sp._qlw-p1dmwa-1	ralstonia_eutropha_h16	ralstonia_eutropha_jmp134	ralstonia_pickettii_12d	ralstonia_pickettii_12j	ralstonia_pickettii_dtp0602	ralstonia_solanacearum_cfbp2957	ralstonia_solanacearum_cmr15	ralstonia_solanacearum_fqy_4	ralstonia_solanacearum_gmi1000	ralstonia_solanacearum_po82	tbepi.metabat.2093	tbepi.metabat.2094	tbepi.metabat.3838	tbepi.metabat.567	tbhypo.metabat.941	tbhypo.metabat.944
AAA027C02	102.09	0.20	0.13	0.07	0.07	0.14	0.08	0.13	0.14	0.29	0.26	0.20	0.07	0.07	17.67	17.37	18.20	22.36	0.26	0.26	0.07	0.22	0.12	0.29	0.33	0.37	0.38	0.38	10.01	12.31	14.82	17.65	11.70	11.77
burkholderia_cenocepacia_j2315	0.52	117.84	73.58	63.02	29.40	24.98	17.32	47.13	24.45	11.41	13.35	15.69	16.23	15.76	1.04	1.26	1.57	1.05	12.95	14.10	14.58	13.60	11.69	19.59	19.71	15.55	20.71	18.38	0.05	0.04	0.00	0.11	0.00	0.11
burkholderia_cepacia_ammd	0.62	73.57	112.21	46.95	28.84	25.32	17.36	44.70	25.08	11.52	12.95	14.27	15.11	14.78	0.95	1.26	1.63	1.06	12.04	12.89	14.16	13.51	11.87	19.04	19.41	15.38	20.09	19.01	0.18	0.04	0.05	0.15	0.16	0.22
burkholderia_mallei_atcc_23344	0.27	62.74	46.21	254.66	25.59	24.94	17.86	78.40	26.21	9.02	10.27	10.79	13.63	12.06	0.65	0.77	1.07	0.70	10.39	10.42	10.64	10.01	10.58	16.08	39.30	12.08	20.34	16.02	0.06	0.04	0.00	0.00	0.05	0.16
burkholderia_phymatum_stm815	0.42	28.80	28.13	25.37	105.50	38.32	12.72	26.30	38.49	8.18	9.37	9.62	11.83	11.44	1.01	1.14	1.59	1.20	9.19	9.64	9.64	9.16	10.17	13.55	13.79	10.01	13.38	13.33	0.13	0.08	0.16	0.09	0.06	0.11
burkholderia_phytofirmans_psjn	0.42	24.92	25.21	24.94	37.95	106.45	13.42	24.03	65.10	8.12	9.85	10.95	12.75	12.30	1.07	1.18	1.59	1.15	9.26	10.22	11.62	10.18	8.44	15.19	14.59	11.19	14.81	14.75	0.00	0.05	0.17	0.23	0.00	0.04
burkholderia_rhizoxinica_hki_454	0.13	18.42	17.36	19.60	13.00	14.07	140.85	16.68	14.48	7.46	8.81	9.26	8.73	8.38	0.60	0.82	0.94	0.73	8.90	8.23	6.29	6.86	8.81	8.05	7.76	9.18	7.91	7.86	0.19	0.04	0.10	0.10	0.11	0.10
burkholderia_thailandensis_e264	0.25	46.92	45.07	78.69	26.30	24.28	16.19	112.20	24.62	8.63	10.28	11.28	12.73	12.64	0.77	0.99	1.22	0.76	9.45	9.67	11.41	11.16	9.81	16.12	16.17	12.75	16.55	16.48	0.00	0.04	0.00	0.00	0.00	0.11
burkholderia_xenovorans_lb400	0.28	24.34	25.23	26.00	38.68	64.91	14.67	24.80	112.56	9.71	11.08	12.30	13.39	12.92	1.07	1.11	1.54	1.07	10.43	10.85	11.97	10.84	9.81	15.98	16.34	11.54	15.03	15.54	0.07	0.04	0.11	0.15	0.06	0.16
cupriavidus_metallidurans_ch34	0.43	11.67	11.85	9.33	8.33	8.38	7.27	9.17	9.75	111.58	34.21	36.32	11.40	10.66	0.80	1.01	1.19	0.82	34.43	32.45	18.71	19.29	34.29	27.43	25.81	19.31	26.60	26.19	0.07	0.00	0.06	0.16	0.06	0.17
cupriavidus_necator_n-1	0.55	13.73	12.85	10.19	9.11	10.24	8.76	10.34	10.99	34.29	109.94	74.99	12.41	12.08	0.97	1.24	1.55	1.11	82.95	52.14	22.97	21.25	75.98	34.04	33.11	24.23	32.79	33.35	0.12	0.15	0.00	0.25	0.10	0.31
cupriavidus_taiwanensis_str._lmg19424	0.37	15.45	14.07	11.06	9.85	10.87	9.07	11.47	12.22	35.98	75.02	105.56	12.41	12.17	0.85	1.12	1.44	1.00	77.34	52.38	22.02	20.83	70.69	33.69	31.72	23.41	30.96	32.76	0.00	0.04	0.06	0.11	0.00	0.11
pandoraea_pnomenusa_3kgm	0.41	16.45	15.21	13.89	11.73	13.20	8.47	12.88	14.22	11.31	12.98	12.64	104.22	97.49	0.90	1.12	1.40	1.06	13.18	12.54	10.70	10.20	13.45	15.80	15.02	11.55	14.81	15.48	0.13	0.00	0.06	0.11	0.18	0.17
pandoraea_pnomenusa_rb38	0.30	14.97	14.59	12.01	11.62	12.33	8.50	12.72	13.19	10.22	12.00	11.73	97.26	104.65	0.73	0.93	1.14	0.88	12.43	11.93	10.21	10.08	13.04	15.05	14.31	10.91	13.79	14.78	0.24	0.04	0.10	0.10	0.43	0.17
polunucleobacter_sp._fne-f8_bin_6_1_pnecc	18.02	1.18	1.14	0.79	1.35	1.20	0.64	0.87	1.20	0.96	1.24	1.12	1.04	0.85	100.54	24.54	27.65	23.92	1.15	1.33	0.91	1.06	1.40	0.91	0.90	1.14	0.93	0.93	23.45	17.36	20.29	28.33	23.09	18.87
polynucleobacter_necessarius_asymbioticus_mwh-mok4	17.93	1.59	1.54	0.97	1.43	1.49	0.86	1.07	1.45	1.07	1.41	1.41	1.18	0.99	24.51	100.31	27.23	24.82	1.28	1.55	0.85	0.76	1.54	0.80	0.81	0.94	0.72	0.80	22.89	17.48	19.95	25.21	21.47	20.11
polynucleobacter_necessarius_stir1_endosymbiont	19.13	1.77	1.79	1.33	2.03	1.69	0.85	1.42	1.76	1.30	1.79	1.74	1.59	1.31	27.85	26.50	100.07	35.96	1.66	2.02	1.34	1.37	2.04	1.26	1.35	1.67	1.47	1.35	18.16	19.86	35.21	29.34	18.18	17.37
polynucleobacter_sp._qlw-p1dmwa-1	21.83	1.13	1.09	0.70	1.24	1.25	0.66	0.77	1.17	0.85	1.21	1.16	1.13	1.04	23.97	24.72	35.74	101.28	1.16	1.35	0.81	0.75	1.39	0.67	0.68	0.82	0.68	0.68	21.40	18.33	27.15	36.76	20.78	19.47
ralstonia_eutropha_h16	0.64	13.08	12.02	10.15	9.40	8.93	8.63	9.15	9.99	34.01	83.50	77.10	12.56	12.49	0.97	1.13	1.50	1.09	105.55	52.44	22.24	21.27	70.01	33.84	32.47	23.82	32.16	33.14	0.14	0.09	0.00	0.29	0.12	0.21
ralstonia_eutropha_jmp134	0.64	14.12	13.16	10.80	10.29	10.33	8.09	10.23	11.14	32.23	52.38	52.49	12.35	11.85	1.17	1.45	1.94	1.32	51.74	105.62	20.83	19.73	52.80	29.90	28.61	20.78	28.13	29.02	0.06	0.08	0.12	0.17	0.05	0.21
ralstonia_pickettii_12d	0.27	14.91	14.26	10.88	9.91	11.62	6.70	11.46	11.77	18.78	23.14	22.14	10.56	10.32	0.65	0.84	1.06	0.84	22.81	21.36	104.31	91.63	23.38	62.53	58.34	52.01	57.60	60.94	0.18	0.04	0.05	0.16	0.22	0.25
ralstonia_pickettii_12j	0.41	14.03	13.82	9.96	9.57	10.43	6.73	11.23	10.84	18.82	21.65	20.98	10.26	10.22	0.79	0.73	1.22	0.72	21.39	19.98	91.25	107.29	21.89	61.51	58.35	50.13	57.85	61.22	0.25	0.03	0.05	0.10	0.28	0.30
ralstonia_pickettii_dtp0602	0.39	11.58	11.79	10.38	10.09	8.10	8.79	9.62	9.42	33.87	75.80	70.38	13.16	12.77	1.26	1.41	1.78	1.37	69.40	52.44	22.53	21.56	113.05	33.97	32.82	23.79	31.65	32.33	0.23	0.13	0.11	0.33	0.20	0.20
ralstonia_solanacearum_cfbp2957	0.31	20.18	19.09	15.77	13.70	14.50	8.18	16.39	15.24	26.55	34.87	33.76	16.00	15.51	0.70	0.63	1.05	0.63	34.96	29.58	62.54	61.99	34.54	108.19	80.85	83.70	82.75	89.79	0.11	0.09	0.06	0.10	0.09	0.22
ralstonia_solanacearum_cmr15	0.45	19.31	19.04	38.35	14.32	14.18	7.80	15.68	15.52	24.74	32.12	31.20	14.86	14.13	0.69	0.73	1.37	0.69	31.78	27.75	58.41	58.78	32.53	80.91	115.46	87.75	86.77	81.96	0.13	0.11	0.06	0.05	0.12	0.21
ralstonia_solanacearum_fqy_4	0.37	15.75	15.43	11.42	10.29	10.60	9.30	13.17	11.42	18.43	24.10	23.18	11.20	11.04	0.82	1.01	1.41	0.81	23.49	20.64	51.88	49.99	24.00	83.63	87.97	123.88	97.22	85.31	0.06	0.08	0.05	0.00	0.12	0.12
ralstonia_solanacearum_gmi1000	0.43	21.15	19.71	22.52	13.99	14.24	8.20	16.84	14.85	25.99	31.95	30.56	14.51	14.04	0.72	0.65	1.47	0.58	31.53	28.23	57.95	58.41	31.75	82.69	86.98	97.48	106.81	83.87	0.07	0.16	0.05	0.04	0.11	0.10
ralstonia_solanacearum_po82	0.24	19.64	19.19	15.83	14.22	14.53	8.08	17.32	15.33	25.52	33.06	32.53	15.39	14.80	0.76	0.77	1.14	0.73	32.87	28.84	61.35	61.80	32.39	88.91	81.58	85.34	84.37	106.78	0.26	0.16	0.14	0.11	0.23	0.16
tbepi.metabat.2093	9.49	0.13	0.13	0.13	0.14	0.00	0.14	0.07	0.05	0.12	0.00	0.07	0.39	0.39	23.23	22.35	17.36	20.95	0.07	0.05	0.17	0.23	0.05	0.11	0.12	0.12	0.12	0.18	102.98	18.13	14.88	17.83	83.50	16.47
tbepi.metabat.2094	12.23	0.04	0.04	0.04	0.08	0.04	0.04	0.04	0.04	0.13	0.16	0.16	0.04	0.04	17.48	17.12	20.51	18.39	0.12	0.07	0.12	0.07	0.26	0.20	0.20	0.20	0.20	0.28	18.22	100.69	15.26	19.13	19.58	19.31
tbepi.metabat.3838	14.24	0.00	0.00	0.00	0.06	0.11	0.12	0.00	0.11	0.17	0.00	0.06	0.12	0.12	20.18	19.65	34.10	26.81	0.00	0.10	0.04	0.15	0.06	0.06	0.06	0.06	0.06	0.16	14.54	15.12	100.52	28.30	14.32	16.13
tbepi.metabat.567	17.90	0.06	0.05	0.00	0.05	0.24	0.05	0.00	0.11	0.15	0.28	0.22	0.12	0.12	28.17	24.30	30.43	36.03	0.29	0.10	0.26	0.15	0.33	0.06	0.04	0.00	0.04	0.00	18.25	20.11	28.60	100.58	17.83	20.15
tbhypo.metabat.941	11.03	0.10	0.10	0.10	0.10	0.00	0.06	0.05	0.00	0.06	0.10	0.16	0.23	0.23	23.00	21.32	18.52	21.28	0.16	0.12	0.37	0.42	0.16	0.10	0.15	0.15	0.15	0.20	83.92	19.91	14.86	18.33	100.94	16.05
tbhypo.metabat.944	12.23	0.10	0.15	0.17	0.16	0.14	0.09	0.16	0.04	0.26	0.21	0.10	0.22	0.17	19.50	19.72	17.96	19.61	0.21	0.20	0.18	0.24	0.09	0.20	0.10	0.10	0.10	0.15	16.82	19.18	16.67	20.34	15.61	103.03
