	AAA027I06	acidovorax_avenae_subsp._avenae_atcc_19860	acidovorax_avenae_subsp._citrulli_aac00-1	acidovorax_sp._js42	acidovorax_sp._kks102	alicycliphilus_denitrificans_bc	alicycliphilus_denitrificans_k601	candidatus_symbiobacter_mobilis_cr	comamonas_testosteroni_cnb-1	comamonas_testosteroni_tk102	delftia_acidovorans_sph-1	delftia_sp._cs1-4	diaphorobacter_sp._tpsy	polaromonas_naphthalenivorans_cj2	polaromonas_sp._js666	ramlibacter_tataouinensis_ttb310	rhodoferax_ferrireducens_t118	tbepi.metabat.4548	tbhypo.metabat.1542	tbhypo.metabat.2159	tbhypo.metabat.2160	tbhypo.metabat.5891	variovorax_paradoxus_b4	variovorax_paradoxus_eps	variovorax_paradoxus_s110	verminephrobacter_eiseniae_ef01-2
AAA027I06	1639380.00	45897.00	40177.00	50330.00	64677.00	48743.00	49667.00	15410.00	50390.00	78547.00	67504.00	67686.00	51001.00	53152.00	52116.00	38450.00	55324.00	22357.00	35700.00	40993.00	31936.00	31989.00	45316.00	48724.00	45693.00	45139.00
acidovorax_avenae_subsp._avenae_atcc_19860	48729.00	6251777.00	4354386.00	1359051.00	1378271.00	1555198.00	1599727.00	102773.00	754637.00	866585.00	1511440.00	1451878.00	1396251.00	636655.00	567861.00	927039.00	406032.00	350058.00	440895.00	384382.00	394642.00	52204.00	1205420.00	1077119.00	1258560.00	822626.00
acidovorax_avenae_subsp._citrulli_aac00-1	45807.00	4378490.00	6614932.00	1418914.00	1393580.00	1515562.00	1518706.00	100643.00	794326.00	1030287.00	1470022.00	1408790.00	1442474.00	668214.00	565208.00	937121.00	404726.00	369615.00	461452.00	383293.00	389088.00	48126.00	1243103.00	1037881.00	1173284.00	846580.00
acidovorax_sp._js42	49812.00	1412692.00	1429984.00	5928285.00	1471870.00	2328173.00	2488846.00	97532.00	891610.00	1193266.00	1538913.00	1393702.00	3432327.00	662748.00	531615.00	897379.00	432434.00	347689.00	439186.00	412355.00	407117.00	53361.00	947865.00	847324.00	958578.00	853967.00
acidovorax_sp._kks102	62573.00	1393772.00	1380447.00	1449926.00	5638394.00	1398280.00	1476133.00	100527.00	899078.00	1276698.00	1441938.00	1323950.00	1455476.00	789342.00	716881.00	891571.00	538819.00	391439.00	494038.00	510249.00	504822.00	87425.00	1086105.00	968228.00	1097967.00	1151560.00
alicycliphilus_denitrificans_bc	54388.00	1618427.00	1494987.00	2305195.00	1396847.00	5228393.00	4762190.00	114537.00	971635.00	1302305.00	1665649.00	1540146.00	2161884.00	740994.00	585154.00	1031756.00	440785.00	404595.00	531499.00	404986.00	407383.00	74357.00	1142251.00	999532.00	1144977.00	937435.00
alicycliphilus_denitrificans_k601	43975.00	1677008.00	1520504.00	2496929.00	1500362.00	4737973.00	6142188.00	114655.00	956285.00	1351077.00	1710208.00	1621835.00	2266359.00	759191.00	628736.00	1056771.00	422677.00	419727.00	539500.00	430051.00	444721.00	63156.00	1153708.00	1011980.00	1167734.00	947110.00
candidatus_symbiobacter_mobilis_cr	15206.00	96849.00	100475.00	100119.00	89507.00	106846.00	114912.00	3390056.00	73072.00	113616.00	117742.00	116151.00	97888.00	81848.00	60556.00	88649.00	92933.00	55739.00	63009.00	58739.00	55103.00	9530.00	103080.00	91000.00	104944.00	101635.00
comamonas_testosteroni_cnb-1	45599.00	785558.00	793209.00	918056.00	893721.00	972997.00	967063.00	72995.00	5655170.00	4322255.00	1803432.00	1790932.00	933253.00	459487.00	413968.00	548246.00	286089.00	235571.00	294093.00	329358.00	343121.00	47599.00	637680.00	564047.00	653178.00	540957.00
comamonas_testosteroni_tk102	76514.00	891050.00	1037197.00	1178598.00	1253336.00	1277794.00	1329086.00	114880.00	4308675.00	7574667.00	2295852.00	2000998.00	1236438.00	540085.00	479962.00	594159.00	372799.00	252044.00	305065.00	350278.00	343408.00	53058.00	732466.00	642341.00	753412.00	616192.00
delftia_acidovorans_sph-1	59042.00	1572864.00	1478907.00	1534402.00	1443964.00	1645275.00	1664283.00	116467.00	1787480.00	2316487.00	7584946.00	6007334.00	1495594.00	734838.00	639190.00	903970.00	429551.00	370923.00	464276.00	484689.00	457948.00	50672.00	1172925.00	1034854.00	1166141.00	875317.00
delftia_sp._cs1-4	58518.00	1530817.00	1432886.00	1393159.00	1335939.00	1513799.00	1577006.00	118158.00	1814676.00	2044939.00	6031162.00	7389539.00	1378204.00	712896.00	644120.00	900835.00	431200.00	379099.00	468140.00	482351.00	455085.00	60064.00	1176064.00	1044794.00	1162030.00	892467.00
diaphorobacter_sp._tpsy	47034.00	1481719.00	1466167.00	3440024.00	1490283.00	2191032.00	2254795.00	96666.00	910042.00	1260145.00	1511550.00	1400232.00	3996675.00	650401.00	514193.00	898518.00	440206.00	330275.00	429183.00	382394.00	371004.00	61100.00	936095.00	846586.00	959268.00	788044.00
polaromonas_naphthalenivorans_cj2	46384.00	638128.00	658945.00	655429.00	787630.00	747496.00	758492.00	89906.00	482382.00	544237.00	723471.00	725079.00	656218.00	4615717.00	1300357.00	784760.00	610456.00	444693.00	557519.00	540686.00	520210.00	53364.00	867262.00	775962.00	873429.00	572414.00
polaromonas_sp._js666	54678.00	592935.00	569057.00	531978.00	703245.00	586985.00	615989.00	61798.00	411440.00	461564.00	642854.00	642719.00	531168.00	1300879.00	6123740.00	741964.00	534256.00	347200.00	445321.00	420544.00	370156.00	65911.00	904719.00	729746.00	871969.00	525739.00
ramlibacter_tataouinensis_ttb310	40369.00	967446.00	949026.00	913489.00	889594.00	1066090.00	1073560.00	84515.00	559949.00	619191.00	931003.00	913445.00	911813.00	746206.00	764203.00	4652182.00	428531.00	472735.00	605458.00	474189.00	432107.00	66320.00	1204655.00	1070479.00	1252702.00	719241.00
rhodoferax_ferrireducens_t118	54182.00	421928.00	411520.00	442365.00	530022.00	418127.00	423344.00	95834.00	318029.00	369070.00	447792.00	439232.00	442337.00	587324.00	510841.00	427906.00	5452926.00	623959.00	789575.00	521369.00	484939.00	73245.00	476040.00	441909.00	497813.00	369019.00
tbepi.metabat.4548	22225.00	368234.00	367456.00	351909.00	378479.00	423626.00	422876.00	50027.00	241493.00	236260.00	362890.00	372085.00	347908.00	433110.00	348736.00	491822.00	627038.00	3059550.00	2775522.00	378870.00	353830.00	29697.00	517516.00	443072.00	524894.00	345698.00
tbhypo.metabat.1542	32432.00	450309.00	462627.00	461398.00	474435.00	521212.00	530239.00	60230.00	310096.00	312844.00	469916.00	468847.00	450390.00	554735.00	436133.00	616299.00	786627.00	2760753.00	3812900.00	481052.00	424223.00	36202.00	654874.00	567351.00	673713.00	420715.00
tbhypo.metabat.2159	39838.00	382694.00	378869.00	404905.00	485076.00	428797.00	440959.00	56062.00	339362.00	366457.00	479927.00	486268.00	392177.00	540267.00	421658.00	481852.00	521677.00	382138.00	482635.00	3925526.00	2171770.00	52014.00	470483.00	402829.00	479270.00	385695.00
tbhypo.metabat.2160	41855.00	392296.00	382636.00	415070.00	514363.00	424616.00	435800.00	47062.00	350420.00	342137.00	450336.00	444827.00	390797.00	502518.00	380370.00	451539.00	498884.00	360115.00	442383.00	2193871.00	3565699.00	47980.00	435074.00	389826.00	442110.00	375410.00
tbhypo.metabat.5891	36807.00	50415.00	53373.00	55827.00	78405.00	65907.00	67808.00	12345.00	38622.00	49636.00	59087.00	55436.00	63098.00	53072.00	60253.00	54723.00	78214.00	21939.00	26665.00	49808.00	49607.00	3199621.00	57611.00	50681.00	68169.00	53871.00
variovorax_paradoxus_b4	48170.00	1210563.00	1255490.00	913642.00	1072202.00	1150015.00	1166618.00	101256.00	635487.00	737504.00	1179815.00	1152233.00	925752.00	866508.00	883913.00	1189257.00	484341.00	505509.00	633434.00	465658.00	444651.00	56955.00	7720135.00	3841794.00	5320086.00	921057.00
variovorax_paradoxus_eps	50566.00	1089440.00	1051001.00	820899.00	973622.00	1004537.00	1008550.00	90354.00	564590.00	649238.00	1024867.00	1030586.00	845832.00	761100.00	717223.00	1068459.00	434401.00	427373.00	562690.00	400777.00	376979.00	45663.00	3802620.00	7437748.00	3792014.00	837123.00
variovorax_paradoxus_s110	51802.00	1278283.00	1214162.00	962449.00	1070107.00	1190191.00	1199982.00	102046.00	660306.00	742742.00	1224375.00	1194131.00	977693.00	871628.00	884008.00	1247465.00	494697.00	524285.00	664135.00	475809.00	446963.00	68306.00	5326055.00	3807104.00	7181039.00	971454.00
verminephrobacter_eiseniae_ef01-2	49400.00	872463.00	880624.00	849238.00	1137314.00	928962.00	945989.00	95114.00	542641.00	608630.00	874718.00	876246.00	818366.00	563686.00	517672.00	718918.00	358539.00	332630.00	415142.00	386490.00	381236.00	52571.00	895310.00	829338.00	943780.00	15464905.00
