	AAA028K02	meint.metabat.3080	meint.metabat.68	methylobacillus_flagellatus_kt	methylotenera_mobilis_#13	methylotenera_mobilis_jlw8	methylotenera_sp._1p:1	methylotenera_sp._73s	methylotenera_sp._g11	methylotenera_sp._l2l1	methylotenera_sp._n17	methylotenera_versatilis_#7	methylotenera_versatilis_79	methylotenera_versatlis_301	methylovorus_sp._mp688	methylovorus_sp._sip3-4	tbepi.metabat.2167	tbepi.metabat.913	tbhypo.metabat.2902	tbhypo.metabat.545	tbhypo.metabat.953
AAA028K02	99.83	0.13	41.57	1.66	3.49	2.21	2.62	2.34	2.17	3.25	2.52	0.37	1.74	3.84	1.90	1.87	0.86	36.35	39.45	0.99	1.41
meint.metabat.3080	0.11	112.55	0.00	1.23	3.92	5.08	3.92	2.88	5.05	4.20	3.96	2.01	2.88	9.51	2.83	2.90	4.58	0.39	0.44	4.46	2.08
meint.metabat.68	41.02	0.12	105.51	0.00	0.79	0.29	0.82	0.94	0.29	1.24	0.65	0.16	0.94	1.76	0.29	0.27	0.92	62.56	66.54	1.09	0.94
methylobacillus_flagellatus_kt	1.45	1.94	0.14	125.94	1.55	1.91	1.56	1.41	4.20	1.64	1.67	0.52	1.08	1.26	9.40	9.16	0.13	0.61	0.17	0.18	1.03
methylotenera_mobilis_#13	3.34	3.65	0.90	1.36	103.37	35.73	6.79	6.75	10.62	72.72	6.45	3.97	6.22	10.43	1.71	1.90	6.55	1.85	0.75	6.60	4.53
methylotenera_mobilis_jlw8	1.85	4.89	0.32	1.72	35.92	101.75	7.94	6.71	11.86	41.60	7.83	3.63	6.32	10.05	2.48	2.41	6.23	1.51	1.33	6.09	3.36
methylotenera_sp._1p:1	2.07	4.43	0.95	1.59	7.35	7.77	102.19	8.40	5.04	6.96	91.71	5.14	8.04	7.12	3.04	3.07	4.16	1.94	1.31	3.77	3.26
methylotenera_sp._73s	2.70	3.27	1.56	1.32	6.87	6.90	8.63	100.67	4.95	6.97	8.35	42.09	100.42	8.52	1.99	1.81	5.50	2.26	1.44	5.67	3.57
methylotenera_sp._g11	1.77	5.16	0.43	4.05	11.03	12.19	5.46	4.83	115.86	10.99	5.69	2.47	4.23	7.20	5.87	6.35	4.67	0.77	0.42	4.57	1.78
methylotenera_sp._l2l1	2.80	4.75	1.21	1.54	73.09	41.95	6.85	6.60	10.92	118.10	7.01	3.28	6.05	11.86	2.76	2.57	7.46	1.99	1.27	7.63	4.03
methylotenera_sp._n17	2.06	4.10	1.03	1.58	6.59	8.07	91.95	8.34	5.60	6.84	103.21	5.73	7.98	6.83	2.62	2.59	4.95	1.90	1.45	4.55	3.16
methylotenera_versatilis_#7	0.39	2.28	0.00	0.45	4.18	4.58	5.15	43.00	2.26	4.56	5.55	102.76	43.00	4.51	0.83	0.95	1.11	0.09	0.09	1.20	1.19
methylotenera_versatilis_79	2.08	3.05	1.03	1.02	6.44	6.62	8.35	100.37	4.32	6.29	7.64	43.07	100.22	8.21	1.68	1.49	5.38	1.77	1.15	5.75	3.11
methylotenera_versatlis_301	3.70	9.54	1.76	1.21	10.31	10.23	7.00	8.63	7.00	11.66	6.89	4.37	8.12	103.29	1.91	1.89	11.19	1.98	1.40	11.28	4.94
methylovorus_sp._mp688	1.76	2.62	0.43	10.03	1.78	2.63	3.13	2.04	6.01	2.50	3.06	0.94	1.68	1.90	101.52	91.94	0.37	1.19	0.59	0.45	1.84
methylovorus_sp._sip3-4	1.63	3.00	0.40	9.14	1.78	2.67	2.92	2.12	6.09	2.42	2.74	0.93	1.79	1.95	91.97	101.83	0.71	1.08	0.67	0.65	2.06
tbepi.metabat.2167	0.89	4.80	0.46	0.40	6.90	6.54	4.78	4.97	4.76	7.36	5.00	0.94	4.97	11.14	0.19	0.45	100.61	1.82	1.79	90.80	2.99
tbepi.metabat.913	37.09	0.59	62.59	0.86	2.22	1.43	2.46	2.29	0.73	1.77	2.29	0.20	2.29	1.90	1.06	1.16	1.98	102.33	88.39	1.83	1.78
tbhypo.metabat.2902	39.13	0.63	68.45	0.09	1.11	1.02	1.57	1.37	0.68	1.22	1.55	0.17	1.37	1.54	0.36	0.53	1.84	88.18	103.41	1.66	1.74
tbhypo.metabat.545	1.00	4.59	0.96	0.32	6.50	6.32	4.21	5.09	4.31	6.91	4.73	0.89	5.09	10.75	0.35	0.62	90.07	1.36	1.22	101.26	2.85
tbhypo.metabat.953	1.62	2.16	0.95	1.16	4.66	3.31	3.63	3.52	2.26	4.09	3.19	1.45	3.52	5.08	2.06	2.55	3.50	2.02	1.63	3.55	101.93
