	AAA027I06	acidovorax_avenae_subsp._avenae_atcc_19860	acidovorax_avenae_subsp._citrulli_aac00-1	acidovorax_sp._js42	acidovorax_sp._kks102	alicycliphilus_denitrificans_bc	alicycliphilus_denitrificans_k601	candidatus_symbiobacter_mobilis_cr	comamonas_testosteroni_cnb-1	comamonas_testosteroni_tk102	delftia_acidovorans_sph-1	delftia_sp._cs1-4	diaphorobacter_sp._tpsy	polaromonas_naphthalenivorans_cj2	polaromonas_sp._js666	ramlibacter_tataouinensis_ttb310	rhodoferax_ferrireducens_t118	tbepi.metabat.4548	tbhypo.metabat.1542	tbhypo.metabat.2159	tbhypo.metabat.2160	tbhypo.metabat.5891	variovorax_paradoxus_b4	variovorax_paradoxus_eps	variovorax_paradoxus_s110	verminephrobacter_eiseniae_ef01-2
AAA027I06	99.86	81.22	83.44	80.76	80.06	80.43	80.41	83.59	80.70	85.32	82.58	82.58	80.64	78.27	77.89	75.60	78.26	72.41	73.01	75.51	75.16	74.94	78.11	79.19	78.61	80.19
acidovorax_avenae_subsp._avenae_atcc_19860	80.31	97.09	91.33	81.03	79.96	80.05	79.74	77.35	79.23	80.30	79.54	79.65	80.85	78.20	78.06	79.32	76.49	77.23	77.18	76.77	76.92	72.70	78.36	78.71	78.69	79.82
acidovorax_avenae_subsp._citrulli_aac00-1	81.35	91.10	98.35	80.91	80.08	80.96	81.01	77.73	79.69	80.74	79.68	79.77	80.81	78.20	77.97	79.40	76.94	77.29	77.16	77.03	76.95	74.08	78.30	78.75	78.88	80.26
acidovorax_sp._js42	80.28	80.73	80.86	97.33	80.85	85.69	85.15	77.52	79.74	81.50	80.75	80.24	96.86	77.86	77.59	78.99	76.95	76.90	76.92	76.78	77.13	74.73	77.96	78.49	78.41	80.22
acidovorax_sp._kks102	80.03	79.86	80.41	81.04	99.09	80.94	81.38	78.05	79.29	82.13	80.03	79.83	80.89	78.42	78.16	79.00	77.77	77.24	77.13	77.29	77.41	74.38	78.59	78.90	78.61	82.45
alicycliphilus_denitrificans_bc	79.11	79.76	80.92	85.51	80.95	97.77	95.96	77.01	79.82	81.63	80.83	80.47	84.84	77.53	77.41	79.15	76.83	76.73	76.66	76.56	76.66	73.13	78.09	78.32	78.35	79.30
alicycliphilus_denitrificans_k601	80.70	79.58	81.09	85.18	81.35	96.10	96.92	77.69	79.76	81.74	80.51	80.40	84.76	77.41	77.46	79.03	77.18	76.74	76.55	76.31	76.48	72.39	77.94	78.01	78.22	79.41
candidatus_symbiobacter_mobilis_cr	82.22	78.32	78.01	77.07	77.64	77.06	77.86	98.45	78.25	83.49	79.26	79.33	77.10	76.91	76.59	74.38	76.75	74.08	73.75	72.47	73.03	71.91	76.41	76.57	76.30	77.12
comamonas_testosteroni_cnb-1	80.27	79.29	79.54	79.88	79.22	79.83	79.82	78.83	99.56	92.22	81.29	81.20	79.86	77.40	77.32	77.57	77.10	76.12	75.91	76.50	76.18	74.55	77.69	77.59	77.89	78.60
comamonas_testosteroni_tk102	84.30	80.50	80.65	81.73	82.04	81.59	81.86	83.13	92.26	98.16	82.68	82.18	81.83	78.69	77.47	78.44	78.45	75.82	75.85	75.99	76.28	75.32	78.52	78.62	78.52	80.01
delftia_acidovorans_sph-1	82.66	79.40	79.59	80.82	79.85	80.77	80.66	79.17	81.34	82.59	97.91	95.74	80.81	77.74	77.61	78.47	77.62	76.97	76.68	76.40	76.38	73.74	78.02	78.09	78.14	79.18
delftia_sp._cs1-4	81.88	79.43	79.65	80.19	79.53	80.54	80.55	79.14	81.13	82.04	95.61	97.61	80.34	77.77	77.43	78.35	77.41	76.71	76.47	76.20	76.57	73.10	77.87	78.09	78.23	79.14
diaphorobacter_sp._tpsy	80.74	80.24	80.63	96.87	80.49	84.83	84.71	76.94	79.79	81.66	80.60	80.14	99.18	77.69	77.63	78.81	76.68	76.86	76.79	76.45	76.74	73.59	78.07	78.22	78.06	79.67
polaromonas_naphthalenivorans_cj2	79.26	78.23	78.19	78.20	78.43	77.67	77.45	76.72	77.61	78.70	78.06	77.98	78.05	99.43	81.79	78.12	78.07	77.95	77.93	77.62	77.86	73.40	78.14	78.21	78.32	77.90
polaromonas_sp._js666	76.96	78.28	78.20	78.00	78.07	77.33	77.18	76.50	77.39	77.68	77.54	77.62	77.92	81.85	99.57	78.48	78.04	78.17	78.01	77.34	77.52	74.21	78.28	78.13	78.29	77.48
ramlibacter_tataouinensis_ttb310	76.17	79.16	79.38	78.80	78.85	78.98	78.90	74.94	77.58	78.12	78.43	78.52	78.71	78.25	78.21	96.37	77.09	77.61	77.40	76.84	77.17	74.08	78.46	78.33	78.60	78.26
rhodoferax_ferrireducens_t118	77.86	76.31	76.82	76.92	77.83	76.95	76.86	76.64	76.65	78.42	77.31	77.34	77.03	78.30	78.19	77.38	97.55	80.03	79.93	77.38	77.64	73.53	77.33	77.26	77.40	77.37
tbepi.metabat.4548	72.37	77.30	77.35	77.05	77.25	76.83	76.79	74.31	76.41	76.41	76.88	76.77	77.10	78.09	78.18	77.58	79.85	99.63	99.52	77.53	77.64	72.78	77.17	77.36	77.32	76.74
tbhypo.metabat.1542	73.86	77.15	77.27	76.74	77.33	76.80	76.72	73.80	75.97	75.98	76.64	76.55	76.79	78.05	78.11	77.42	79.65	99.52	99.55	76.99	77.66	72.58	77.08	77.10	77.22	76.60
tbhypo.metabat.2159	74.86	76.96	76.95	76.65	77.33	76.30	76.13	72.32	76.37	76.01	76.21	76.15	76.80	77.48	77.26	77.00	77.20	77.24	76.99	99.43	85.87	73.06	76.53	76.57	76.75	76.43
tbhypo.metabat.2160	74.21	76.79	76.84	76.59	77.08	76.52	76.42	73.88	76.46	76.37	76.53	76.53	76.67	77.89	77.32	77.25	77.28	77.61	77.56	85.85	99.22	73.10	76.98	76.88	77.22	76.68
tbhypo.metabat.5891	74.37	74.78	74.87	74.92	74.90	73.78	73.68	74.45	75.50	76.74	74.66	74.81	74.78	74.77	74.62	74.35	73.71	73.29	73.18	73.41	72.56	99.95	73.71	72.88	73.91	73.65
variovorax_paradoxus_b4	76.94	78.48	78.41	78.17	78.62	78.01	77.90	76.35	77.96	78.49	77.98	78.09	78.09	78.00	78.31	78.56	77.28	77.34	77.22	76.62	76.76	73.91	98.62	86.26	92.43	79.34
variovorax_paradoxus_eps	77.99	78.70	78.72	78.49	78.74	78.28	78.18	76.65	77.54	78.88	78.09	78.04	78.32	78.14	77.90	78.21	77.35	77.42	77.14	76.88	76.88	73.14	86.21	97.45	86.32	79.23
variovorax_paradoxus_s110	78.03	78.63	78.70	78.24	78.63	78.09	77.96	76.46	77.83	78.44	77.78	77.87	78.07	78.29	78.22	78.87	77.32	77.45	77.38	76.91	76.92	73.89	92.33	86.29	98.59	79.16
verminephrobacter_eiseniae_ef01-2	79.54	79.96	80.11	79.98	82.27	79.39	79.33	77.23	78.22	79.53	79.21	79.23	79.69	77.60	77.24	78.28	77.15	76.42	76.53	76.28	76.46	73.15	79.20	79.23	78.97	84.11
