	AAA027C02	burkholderia_cenocepacia_j2315	burkholderia_cepacia_ammd	burkholderia_mallei_atcc_23344	burkholderia_phymatum_stm815	burkholderia_phytofirmans_psjn	burkholderia_rhizoxinica_hki_454	burkholderia_thailandensis_e264	burkholderia_xenovorans_lb400	cupriavidus_metallidurans_ch34	cupriavidus_necator_n-1	cupriavidus_taiwanensis_str._lmg19424	pandoraea_pnomenusa_3kgm	pandoraea_pnomenusa_rb38	polunucleobacter_sp._fne-f8_bin_6_1_pnecc	polynucleobacter_necessarius_asymbioticus_mwh-mok4	polynucleobacter_necessarius_stir1_endosymbiont	polynucleobacter_sp._qlw-p1dmwa-1	ralstonia_eutropha_h16	ralstonia_eutropha_jmp134	ralstonia_pickettii_12d	ralstonia_pickettii_12j	ralstonia_pickettii_dtp0602	ralstonia_solanacearum_cfbp2957	ralstonia_solanacearum_cmr15	ralstonia_solanacearum_fqy_4	ralstonia_solanacearum_gmi1000	ralstonia_solanacearum_po82	tbepi.metabat.2093	tbepi.metabat.2094	tbepi.metabat.3838	tbepi.metabat.567	tbhypo.metabat.941	tbhypo.metabat.944
AAA027C02	1324645.00	2623.00	1723.00	877.00	874.00	1866.00	998.00	1705.00	1866.00	3709.00	3393.00	2575.00	889.00	889.00	229278.00	225346.00	236130.00	290156.00	3312.00	3392.00	873.00	2854.00	1593.00	3786.00	4262.00	4827.00	4993.00	4946.00	129912.00	159733.00	192263.00	228954.00	151768.00	152739.00
burkholderia_cenocepacia_j2315	6702.00	9383592.00	5507651.00	3677775.00	1815901.00	1988916.00	619622.00	3168858.00	1947052.00	742795.00	875445.00	928531.00	881862.00	847560.00	24294.00	25572.00	24471.00	22657.00	901687.00	920993.00	724876.00	713519.00	931146.00	669594.00	708643.00	902760.00	769607.00	639890.00	707.00	980.00	0.00	1826.00	0.00	1926.00
burkholderia_cepacia_ammd	7992.00	5506965.00	8398782.00	2739622.00	1781075.00	1895553.00	621150.00	3005298.00	1877549.00	749465.00	849084.00	844495.00	821016.00	795057.00	22005.00	25481.00	25417.00	22810.00	838641.00	842199.00	704145.00	708399.00	888240.00	650655.00	698026.00	892791.00	746770.00	661872.00	2696.00	926.00	820.00	2501.00	2696.00	3775.00
burkholderia_mallei_atcc_23344	3453.00	3660930.00	2696407.00	14860809.00	1493474.00	1455587.00	639099.00	4575016.00	1529302.00	526407.00	599120.00	629785.00	741021.00	648459.00	15012.00	15596.00	16695.00	15051.00	606423.00	608195.00	528881.00	525081.00	617271.00	549534.00	1413331.00	701433.00	755800.00	557560.00	899.00	937.00	0.00	0.00	899.00	2834.00
burkholderia_phymatum_stm815	5465.00	1779140.00	1737657.00	1480589.00	6516252.00	2366671.00	454997.00	1624378.00	2377375.00	505255.00	578467.00	569478.00	642713.00	615363.00	23478.00	23053.00	24854.00	25945.00	567620.00	595340.00	479039.00	480560.00	628200.00	463076.00	495815.00	580846.00	497271.00	464023.00	1930.00	1807.00	2755.00	1551.00	941.00	1991.00
burkholderia_phytofirmans_psjn	5463.00	1984523.00	1887301.00	1455477.00	2344037.00	8615873.00	480145.00	1615713.00	5268675.00	528633.00	646095.00	648010.00	693222.00	661500.00	24785.00	23944.00	24760.00	24922.00	645260.00	667528.00	577822.00	533827.00	683053.00	519082.00	524632.00	649731.00	550245.00	513474.00	0.00	1009.00	2943.00	3756.00	0.00	735.00
burkholderia_rhizoxinica_hki_454	1650.00	658978.00	621034.00	701203.00	465059.00	503218.00	5039129.00	596571.00	518175.00	266962.00	315304.00	331147.00	312174.00	299982.00	14035.00	16660.00	14669.00	15666.00	318416.00	294382.00	225071.00	245485.00	315069.00	274996.00	277744.00	328383.00	282855.00	273610.00	2756.00	835.00	1682.00	1708.00	1821.00	1814.00
burkholderia_thailandensis_e264	3224.00	3154985.00	3030231.00	4592178.00	1624603.00	1632522.00	579190.00	7544245.00	1655669.00	561767.00	674356.00	667852.00	692072.00	679678.00	18010.00	20110.00	19075.00	16352.00	635395.00	631830.00	567132.00	585313.00	659944.00	550745.00	581559.00	739950.00	615150.00	573575.00	0.00	910.00	0.00	0.00	0.00	1927.00
burkholderia_xenovorans_lb400	3633.00	1938155.00	1888692.00	1517480.00	2389033.00	5253677.00	524687.00	1667811.00	10953778.00	632003.00	726748.00	728304.00	727967.00	694898.00	24930.00	22545.00	24082.00	23088.00	726337.00	708967.00	594854.00	568328.00	797545.00	545929.00	587497.00	669694.00	558693.00	541004.00	990.00	903.00	1905.00	2466.00	990.00	2742.00
cupriavidus_metallidurans_ch34	5595.00	759306.00	771269.00	544303.00	514717.00	545603.00	260232.00	596633.00	634377.00	7261789.00	2226407.00	2149644.00	619520.00	573161.00	18626.00	20365.00	18559.00	17723.00	2240611.00	2111931.00	930154.00	1011538.00	2231428.00	937221.00	928061.00	1121245.00	988607.00	911526.00	991.00	0.00	999.00	2679.00	991.00	2945.00
cupriavidus_necator_n-1	7126.00	900304.00	842667.00	594654.00	562640.00	671657.00	313296.00	678277.00	720587.00	2231836.00	7209497.00	4438619.00	674613.00	649521.00	22621.00	25080.00	24166.00	24007.00	5439754.00	3406034.00	1141986.00	1114645.00	4982428.00	1163308.00	1190747.00	1406465.00	1218786.00	1161032.00	1701.00	3408.00	0.00	4163.00	1701.00	5359.00
cupriavidus_taiwanensis_str._lmg19424	4780.00	914279.00	832785.00	645122.00	582922.00	643667.00	324626.00	678815.00	723509.00	2129569.00	4440897.00	6248578.00	674544.00	654536.00	19696.00	22782.00	22448.00	21573.00	4577767.00	3100627.00	1094523.00	1092229.00	4184590.00	1151159.00	1140698.00	1359293.00	1150542.00	1140419.00	0.00	992.00	968.00	1829.00	0.00	1934.00
pandoraea_pnomenusa_3kgm	5370.00	893818.00	826572.00	755087.00	637476.00	717578.00	302939.00	699852.00	773002.00	614702.00	705460.00	686962.00	5664255.00	5243917.00	20932.00	22689.00	21854.00	22838.00	716390.00	681709.00	531977.00	534818.00	731124.00	540065.00	540203.00	627853.00	550520.00	538803.00	1941.00	0.00	974.00	1758.00	2939.00	3005.00
pandoraea_pnomenusa_rb38	3868.00	805432.00	784542.00	645761.00	624917.00	663035.00	303925.00	684101.00	709311.00	549819.00	645354.00	630870.00	5231726.00	5628792.00	17003.00	18925.00	17743.00	18938.00	668361.00	641450.00	507476.00	528516.00	701552.00	514152.00	514747.00	586738.00	512648.00	514668.00	3569.00	858.00	1794.00	1728.00	7147.00	3000.00
polunucleobacter_sp._fne-f8_bin_6_1_pnecc	233818.00	27382.00	26493.00	18299.00	31295.00	27802.00	14905.00	20258.00	27800.00	22329.00	28813.00	26081.00	24237.00	19825.00	2338410.00	497202.00	431422.00	516549.00	26759.00	30985.00	21176.00	24567.00	32670.00	21051.00	20820.00	26409.00	21721.00	21577.00	342010.00	383746.00	350545.00	470359.00	382306.00	327806.00
polynucleobacter_necessarius_asymbioticus_mwh-mok4	232653.00	32158.00	31184.00	19632.00	28907.00	30270.00	17505.00	21606.00	29453.00	21730.00	28599.00	28640.00	23832.00	20089.00	496723.00	2032501.00	424847.00	502842.00	25887.00	31469.00	17173.00	15349.00	31190.00	16303.00	16334.00	19024.00	14516.00	16303.00	333855.00	354128.00	344707.00	418540.00	355572.00	349287.00
polynucleobacter_necessarius_stir1_endosymbiont	248207.00	27689.00	27953.00	20771.00	31679.00	26417.00	13336.00	22135.00	27465.00	20256.00	27961.00	27094.00	24888.00	20513.00	434660.00	413467.00	1561494.00	561143.00	25943.00	31528.00	20913.00	21382.00	31833.00	19663.00	21113.00	26109.00	22994.00	21044.00	264865.00	309837.00	549403.00	457877.00	283688.00	271024.00
polynucleobacter_sp._qlw-p1dmwa-1	283289.00	24314.00	23620.00	15131.00	26844.00	26920.00	14290.00	16567.00	25171.00	18313.00	26085.00	24984.00	24415.00	22514.00	517725.00	500959.00	557712.00	2187081.00	24969.00	29084.00	17482.00	16286.00	30018.00	14568.00	14631.00	17710.00	14755.00	14577.00	312073.00	395878.00	469048.00	610229.00	344104.00	338221.00
ralstonia_eutropha_h16	8269.00	910712.00	836890.00	592569.00	580360.00	622266.00	308706.00	614968.00	695983.00	2213426.00	5475600.00	4564065.00	682872.00	671899.00	22482.00	22855.00	23412.00	23598.00	7350830.00	3425528.00	1105477.00	1115702.00	4875608.00	1156429.00	1167474.00	1382839.00	1195333.00	1153619.00	1994.00	1985.00	0.00	4766.00	1994.00	3700.00
ralstonia_eutropha_jmp134	8324.00	922472.00	859643.00	630498.00	635592.00	674819.00	289602.00	668099.00	727903.00	2097625.00	3421677.00	3107009.00	671105.00	637353.00	27136.00	29376.00	30274.00	28455.00	3380215.00	6899862.00	1035537.00	1035016.00	3449239.00	1021707.00	1028715.00	1206089.00	1045320.00	1010105.00	856.00	1850.00	1987.00	2769.00	856.00	3641.00
ralstonia_pickettii_12d	3494.00	741351.00	708721.00	541052.00	492630.00	577704.00	239833.00	569605.00	585215.00	933706.00	1150538.00	1100822.00	525017.00	512838.00	15093.00	16996.00	16482.00	18041.00	1133978.00	1061705.00	5185108.00	4555106.00	1162405.00	2136960.00	2098052.00	2585287.00	2140612.00	2121533.00	2655.00	890.00	901.00	2630.00	3654.00	4407.00
ralstonia_pickettii_12j	5321.00	735961.00	724770.00	522501.00	502111.00	546935.00	240731.00	588879.00	568586.00	987257.00	1135604.00	1100609.00	538021.00	536132.00	18390.00	14691.00	19016.00	15649.00	1122041.00	1047982.00	4535949.00	5626973.00	1148019.00	2102156.00	2098243.00	2629103.00	2149852.00	2131021.00	3649.00	718.00	865.00	1715.00	4648.00	5183.00
ralstonia_pickettii_dtp0602	5052.00	922464.00	882514.00	605920.00	623129.00	655798.00	314405.00	646974.00	765265.00	2204522.00	4970374.00	4165809.00	715098.00	686789.00	29241.00	28576.00	27807.00	29487.00	4833655.00	3425979.00	1120220.00	1130665.00	9186539.00	1160914.00	1180089.00	1381040.00	1176197.00	1125410.00	3331.00	2888.00	1974.00	5400.00	3331.00	3527.00
ralstonia_solanacearum_cfbp2957	3983.00	689779.00	652457.00	538939.00	468130.00	495539.00	279388.00	560257.00	520788.00	907448.00	1191528.00	1153581.00	546920.00	530151.00	16295.00	12776.00	16313.00	13692.00	1194861.00	1010938.00	2137096.00	2118481.00	1180274.00	3697409.00	2762863.00	2860206.00	2828003.00	3068442.00	1565.00	1950.00	1001.00	1714.00	1565.00	3746.00
ralstonia_solanacearum_cmr15	5826.00	694379.00	684801.00	1378910.00	514820.00	510004.00	279178.00	564036.00	558008.00	889664.00	1155203.00	1122010.00	534277.00	508104.00	15970.00	14887.00	21311.00	14984.00	1142917.00	997781.00	2100322.00	2113578.00	1169775.00	2765111.00	4151861.00	3155522.00	3120142.00	2853276.00	1919.00	2517.00	1001.00	874.00	1919.00	3648.00
ralstonia_solanacearum_fqy_4	4803.00	914038.00	895758.00	663233.00	597235.00	615353.00	332585.00	764441.00	662903.00	1069818.00	1398955.00	1345753.00	608794.00	593652.00	19136.00	20550.00	22050.00	17451.00	1363606.00	1198007.00	2578911.00	2621638.00	1392983.00	2858049.00	3163444.00	7191733.00	3613253.00	2969550.00	947.00	1750.00	927.00	0.00	1951.00	2002.00
ralstonia_solanacearum_gmi1000	5625.00	785909.00	732492.00	837052.00	519922.00	529342.00	293384.00	625767.00	551840.00	966080.00	1187520.00	1135647.00	539412.00	521734.00	16718.00	13242.00	22990.00	12499.00	1171960.00	1048971.00	2153715.00	2170745.00	1179886.00	2825979.00	3127797.00	3622940.00	3969537.00	2919483.00	994.00	3436.00	942.00	746.00	1768.00	1773.00
ralstonia_solanacearum_po82	3162.00	683854.00	668173.00	551170.00	495061.00	505794.00	281132.00	603052.00	533727.00	888293.00	1150782.00	1132244.00	535854.00	515112.00	17650.00	15699.00	17714.00	15658.00	1144334.00	1003828.00	2135634.00	2151230.00	1127583.00	3038377.00	2839761.00	2970741.00	2937138.00	3717235.00	3833.00	3565.00	2454.00	1839.00	3833.00	2830.00
tbepi.metabat.2093	123115.00	1902.00	1884.00	1877.00	1992.00	0.00	1977.00	978.00	728.00	1736.00	0.00	1031.00	5643.00	5643.00	338796.00	326018.00	253119.00	305521.00	964.00	778.00	2437.00	3422.00	761.00	1676.00	1733.00	1686.00	1686.00	2673.00	1501881.00	264392.00	217014.00	259980.00	1217872.00	240215.00
tbepi.metabat.2094	158685.00	893.00	893.00	893.00	1833.00	836.00	838.00	893.00	989.00	2769.00	3444.00	3605.00	963.00	963.00	386464.00	346866.00	320032.00	397045.00	2680.00	1575.00	2558.00	1625.00	5797.00	4511.00	4440.00	4458.00	4458.00	6094.00	265671.00	2226074.00	263559.00	317606.00	324234.00	335432.00
tbepi.metabat.3838	184757.00	0.00	0.00	0.00	957.00	1944.00	2019.00	0.00	1928.00	2957.00	0.00	994.00	1993.00	1993.00	348709.00	339422.00	532116.00	463100.00	0.00	1721.00	712.00	2565.00	994.00	1000.00	1000.00	1000.00	1000.00	2684.00	212104.00	261142.00	1736564.00	469868.00	237172.00	278747.00
tbepi.metabat.567	232264.00	998.00	841.00	0.00	824.00	3939.00	806.00	0.00	1746.00	2463.00	4714.00	3731.00	2016.00	2016.00	467704.00	403517.00	474904.00	598247.00	4733.00	1738.00	4366.00	2495.00	5406.00	984.00	735.00	0.00	746.00	0.00	266146.00	333868.00	474903.00	1669898.00	295328.00	334485.00
tbhypo.metabat.941	143076.00	1695.00	1697.00	1697.00	1587.00	0.00	936.00	808.00	0.00	994.00	1701.00	2680.00	3755.00	3755.00	380834.00	352977.00	289018.00	352327.00	2580.00	1945.00	6206.00	6967.00	2614.00	1726.00	2435.00	2435.00	2435.00	3336.00	1223986.00	329753.00	246098.00	303535.00	1671648.00	265788.00
tbhypo.metabat.944	158643.00	1729.00	2631.00	2880.00	2748.00	2517.00	1519.00	2697.00	755.00	4588.00	3675.00	1762.00	3871.00	2927.00	338704.00	342614.00	280268.00	340599.00	3674.00	3459.00	3183.00	4209.00	1547.00	3443.00	1801.00	1801.00	1801.00	2685.00	245340.00	333119.00	288066.00	337677.00	258517.00	1789612.00
