	AAA028K02	meint.metabat.3080	meint.metabat.68	methylobacillus_flagellatus_kt	methylotenera_mobilis_#13	methylotenera_mobilis_jlw8	methylotenera_sp._1p:1	methylotenera_sp._73s	methylotenera_sp._g11	methylotenera_sp._l2l1	methylotenera_sp._n17	methylotenera_versatilis_#7	methylotenera_versatilis_79	methylotenera_versatlis_301	methylovorus_sp._mp688	methylovorus_sp._sip3-4	tbepi.metabat.2167	tbepi.metabat.913	tbhypo.metabat.2902	tbhypo.metabat.545	tbhypo.metabat.953
AAA028K02	100.00	67.63	99.30	86.00	84.65	85.72	82.71	85.22	91.49	85.74	82.87	67.58	82.12	83.79	86.54	86.41	74.50	85.36	85.16	74.32	71.87
meint.metabat.3080	67.85	99.62	0.00	71.38	75.67	76.11	75.71	76.76	75.11	76.01	75.41	74.26	76.76	75.61	72.37	73.02	74.61	69.16	70.82	74.15	72.82
meint.metabat.68	99.30	69.21	99.97	0.00	74.14	71.97	67.82	73.96	71.67	71.72	65.21	77.54	73.96	73.38	67.55	70.20	71.40	85.76	85.57	71.39	70.69
methylobacillus_flagellatus_kt	88.65	71.30	63.47	95.30	84.90	79.90	80.90	81.96	77.86	85.18	80.24	67.07	78.20	87.05	77.56	77.81	69.65	68.73	65.28	68.78	71.04
methylotenera_mobilis_#13	82.24	75.07	73.58	84.94	99.86	82.46	80.82	79.75	81.18	87.16	79.81	78.43	78.57	80.17	83.48	82.79	78.12	72.67	70.54	77.27	74.74
methylotenera_mobilis_jlw8	84.92	75.53	71.03	78.21	82.40	99.75	79.14	79.89	80.01	82.98	78.64	75.09	79.07	79.48	78.86	78.36	76.45	70.47	70.99	76.09	75.53
methylotenera_sp._1p:1	83.56	75.00	68.13	79.90	80.74	78.92	99.83	78.36	80.67	79.68	98.13	77.26	77.66	79.78	77.79	77.79	75.83	73.32	72.96	75.86	74.21
methylotenera_sp._73s	80.80	75.06	70.17	80.12	79.99	79.64	78.58	99.97	80.94	80.30	78.72	83.61	99.97	80.27	78.56	78.30	76.57	73.54	73.30	75.98	75.18
methylotenera_sp._g11	92.52	75.22	72.55	77.28	81.48	80.28	80.08	80.80	99.65	81.23	79.98	74.97	79.16	81.18	77.76	77.97	75.30	73.43	73.37	75.25	73.18
methylotenera_sp._l2l1	83.86	75.57	73.66	82.21	87.18	82.98	79.64	80.94	80.98	99.92	79.64	77.72	79.80	80.50	79.67	79.94	76.85	73.61	72.66	76.74	75.39
methylotenera_sp._n17	82.94	75.62	69.51	79.74	79.84	78.73	98.13	78.89	80.76	79.41	99.86	77.38	78.26	79.10	78.02	78.47	75.01	74.44	71.80	74.69	74.54
methylotenera_versatilis_#7	68.98	72.98	0.00	69.93	78.97	75.06	77.79	83.44	74.83	77.69	77.26	99.93	83.44	76.14	69.91	70.92	72.27	70.49	70.61	72.79	73.84
methylotenera_versatilis_79	79.19	76.36	73.66	76.74	78.75	78.84	77.47	99.97	79.53	79.35	78.16	83.39	99.97	78.66	77.67	77.66	76.16	74.95	74.41	75.87	74.97
methylotenera_versatlis_301	82.28	75.65	71.76	85.18	80.16	79.55	79.36	79.84	81.26	80.49	79.33	77.02	78.92	99.80	80.93	80.45	77.22	73.00	71.81	77.30	76.13
methylovorus_sp._mp688	86.33	72.55	67.51	77.23	83.60	79.65	77.78	79.79	78.43	81.92	77.52	71.77	77.26	81.94	99.80	96.91	70.63	68.24	64.75	69.41	72.21
methylovorus_sp._sip3-4	85.63	73.41	65.53	77.37	82.91	78.07	77.99	78.75	78.21	82.85	78.00	72.62	76.20	82.37	96.90	99.69	71.22	68.53	66.22	70.45	72.34
tbepi.metabat.2167	75.56	75.20	74.84	71.91	78.05	76.16	75.59	76.84	76.07	77.43	75.67	74.50	76.84	77.47	66.56	70.64	99.98	72.16	70.99	99.84	74.45
tbepi.metabat.913	85.42	67.94	85.73	68.64	73.41	71.53	72.17	73.98	74.24	73.17	72.84	70.32	73.98	71.08	66.55	67.86	70.10	99.86	99.36	71.02	71.57
tbhypo.metabat.2902	85.24	68.54	85.45	61.71	71.64	71.67	73.34	73.39	73.36	71.56	74.29	70.29	73.39	71.18	65.94	65.32	70.36	99.41	99.76	70.89	71.65
tbhypo.metabat.545	73.71	74.20	69.92	73.38	77.20	75.85	75.21	76.51	75.08	77.14	74.98	73.98	76.51	77.22	69.05	71.04	99.84	70.35	69.37	99.85	74.11
tbhypo.metabat.953	70.20	71.23	68.54	70.55	75.57	75.59	73.83	75.83	74.19	75.28	74.29	73.86	75.83	75.48	72.01	72.44	73.94	72.32	71.86	73.62	99.72
