	AAA028K02	meint.metabat.3080	meint.metabat.68	methylobacillus_flagellatus_kt	methylotenera_mobilis_#13	methylotenera_mobilis_jlw8	methylotenera_sp._1p:1	methylotenera_sp._73s	methylotenera_sp._g11	methylotenera_sp._l2l1	methylotenera_sp._n17	methylotenera_versatilis_#7	methylotenera_versatilis_79	methylotenera_versatlis_301	methylovorus_sp._mp688	methylovorus_sp._sip3-4	tbepi.metabat.2167	tbepi.metabat.913	tbhypo.metabat.2902	tbhypo.metabat.545	tbhypo.metabat.953
AAA028K02	728710.00	933.00	246619.00	12137.00	25486.00	16155.00	19135.00	17055.00	15809.00	23742.00	18364.00	2737.00	12717.00	28030.00	13862.00	13625.00	6275.00	265331.00	287960.00	7244.00	10293.00
meint.metabat.3080	815.00	1486775.00	0.00	16217.00	51773.00	67044.00	51731.00	38088.00	66757.00	55476.00	52264.00	17904.00	38088.00	125662.00	37419.00	38332.00	60547.00	3697.00	4702.00	58848.00	27465.00
meint.metabat.68	243332.00	734.00	625895.00	0.00	4710.00	1739.00	4877.00	5593.00	1714.00	7347.00	3879.00	944.00	5593.00	10466.00	1740.00	1576.00	5464.00	371116.00	394738.00	6450.00	5594.00
methylobacillus_flagellatus_kt	10578.00	25665.00	824.00	3742335.00	43464.00	48669.00	42963.00	36875.00	106888.00	43389.00	45971.00	4650.00	28042.00	37436.00	269184.00	272102.00	1829.00	5761.00	1838.00	2621.00	16008.00
methylotenera_mobilis_#13	24373.00	48186.00	5366.00	38221.00	2898309.00	910245.00	186543.00	176035.00	270318.00	1921325.00	177747.00	35363.00	161877.00	292301.00	47926.00	53330.00	93179.00	17421.00	8060.00	94849.00	70578.00
methylotenera_mobilis_jlw8	13515.00	64573.00	1917.00	43932.00	914976.00	2592032.00	202359.00	170995.00	301857.00	1059902.00	199532.00	32273.00	161038.00	256061.00	63207.00	61463.00	88700.00	14198.00	14306.00	87512.00	52287.00
methylotenera_sp._1p:1	15082.00	58466.00	5618.00	43702.00	202028.00	198013.00	2807715.00	219176.00	128211.00	183849.00	2519653.00	45775.00	209367.00	195549.00	83612.00	84398.00	59229.00	18329.00	14098.00	54140.00	50792.00
methylotenera_sp._73s	19715.00	43144.00	9253.00	34345.00	179162.00	175907.00	225147.00	2625981.00	126024.00	181711.00	217713.00	374474.00	2615220.00	222182.00	51991.00	47336.00	78344.00	21335.00	15476.00	81466.00	55537.00
methylotenera_sp._g11	12918.00	68223.00	2561.00	103127.00	280671.00	310264.00	139068.00	122846.00	2948830.00	279694.00	144928.00	22020.00	107729.00	183303.00	149361.00	161729.00	66427.00	7221.00	4491.00	65733.00	27645.00
methylotenera_sp._l2l1	20466.00	62692.00	7165.00	40557.00	1931030.00	1068829.00	180904.00	172245.00	278042.00	3120150.00	185120.00	29191.00	157572.00	313362.00	72895.00	68015.00	106220.00	18725.00	13655.00	109647.00	62746.00
methylotenera_sp._n17	15032.00	54174.00	6106.00	43440.00	181588.00	205625.00	2526465.00	217531.00	142580.00	180623.00	2842001.00	51028.00	207769.00	188123.00	72077.00	71228.00	70438.00	17922.00	15626.00	65461.00	49163.00
methylotenera_versatilis_#7	2866.00	20278.00	0.00	3963.00	37233.00	40737.00	45789.00	382634.00	20132.00	40540.00	49412.00	914376.00	382634.00	40104.00	7423.00	8437.00	9840.00	820.00	820.00	10633.00	10549.00
methylotenera_versatilis_79	15214.00	40307.00	6088.00	26599.00	167647.00	168702.00	217327.00	2613993.00	110029.00	163772.00	198903.00	383265.00	2609993.00	213832.00	43768.00	38706.00	76578.00	16656.00	12416.00	82658.00	48426.00
methylotenera_versatlis_301	27032.00	126072.00	10461.00	35845.00	289145.00	260531.00	192285.00	225178.00	178110.00	308145.00	189846.00	38912.00	211436.00	3160501.00	54613.00	56530.00	159247.00	18685.00	15084.00	162126.00	76907.00
methylovorus_sp._mp688	12818.00	34635.00	2543.00	286981.00	50009.00	66887.00	86062.00	53153.00	153002.00	66052.00	84343.00	8346.00	43658.00	54291.00	2905959.00	2631769.00	5283.00	11205.00	6378.00	6451.00	28669.00
methylovorus_sp._sip3-4	11917.00	39645.00	2388.00	271659.00	49951.00	67944.00	80130.00	55315.00	155118.00	64016.00	75564.00	8238.00	46640.00	58280.00	2632518.00	3050285.00	10144.00	10164.00	7239.00	9300.00	32073.00
tbepi.metabat.2167	6467.00	63447.00	2745.00	5656.00	98187.00	93041.00	67967.00	70797.00	67759.00	104778.00	71127.00	8328.00	70797.00	158572.00	2701.00	6391.00	1431968.00	17187.00	19284.00	1292372.00	42588.00
tbepi.metabat.913	270725.00	5530.00	371322.00	8127.00	20914.00	13448.00	23154.00	21574.00	6858.00	16698.00	21590.00	1805.00	21574.00	17936.00	10037.00	10932.00	18688.00	964653.00	833257.00	17246.00	16773.00
tbhypo.metabat.2902	285640.00	6789.00	406043.00	995.00	11952.00	10961.00	16917.00	14808.00	7370.00	13091.00	16642.00	1555.00	14808.00	16576.00	3829.00	5755.00	19804.00	831240.00	1113792.00	17919.00	18717.00
tbhypo.metabat.545	7285.00	60666.00	5679.00	4643.00	93446.00	90817.00	60467.00	73141.00	61973.00	99319.00	68040.00	7949.00	73141.00	154523.00	5055.00	8892.00	1281887.00	12818.00	13105.00	1455742.00	40951.00
tbhypo.metabat.953	11800.00	28591.00	5610.00	17983.00	72548.00	51497.00	56490.00	54847.00	35193.00	63720.00	49596.00	12918.00	54847.00	79064.00	32052.00	39662.00	49801.00	19077.00	17547.00	51074.00	1586824.00
