	Burkholderia_cenocepacia_J2315	Burkholderia_cepacia_AMMD	Burkholderia_mallei_ATCC_23344	Burkholderia_phymatum_STM815	Burkholderia_phytofirmans_PsJN	Burkholderia_rhizoxinica_HKI_454	Burkholderia_thailandensis_E264	Burkholderia_xenovorans_LB400	Cupriavidus_metallidurans_CH34	Cupriavidus_necator_N-1	Cupriavidus_taiwanensis_str._LMG19424	Pandoraea_pnomenusa_3kgm	Pandoraea_pnomenusa_RB38	Polunucleobacter_sp_FNE-F8_bin_6_1_PnecC.1	Polunucleobacter_sp_FNE-F8_bin_6_1_PnecC	Polynucleobacter_necessarius_STIR1	Polynucleobacter_necessarius_asymbioticus_MWH-MoK4	Polynucleobacter_sp_QLW-P1DMWA-1	Ralstonia_eutropha_H16	Ralstonia_eutropha_JMP134	Ralstonia_pickettii_12D	Ralstonia_pickettii_12J	Ralstonia_pickettii_DTP0602	Ralstonia_solanacearum_CFBP2957	Ralstonia_solanacearum_CMR15	Ralstonia_solanacearum_FQY_4	Ralstonia_solanacearum_GMI1000	Ralstonia_solanacearum_Po82	AAA027C02	TBepi2093	TBepi2094	TBepi3838	TBepi567	TBhypo941	TBhypo944
Burkholderia_cenocepacia_J2315	98.03	89.31	86.85	81.47	80.94	80.70	83.66	81.05	78.61	78.89	78.56	79.75	79.28	87.70	87.70	87.50	87.97	89.98	78.60	79.14	78.56	78.42	79.30	78.67	79.09	78.38	78.77	79.09	85.98	66.90	62.65	0.00	70.52	0.00	69.31
Burkholderia_cepacia_AMMD	89.19	97.93	83.60	81.23	80.91	80.52	83.56	81.03	78.58	78.67	78.54	79.51	79.15	89.38	89.38	86.42	87.12	88.86	78.33	79.12	78.21	78.41	78.77	78.68	78.70	78.51	78.88	78.43	82.09	68.51	62.63	74.02	67.35	68.55	67.30
Burkholderia_mallei_ATCC_23344	87.01	83.70	99.56	81.38	81.19	80.74	91.59	80.96	78.32	78.57	78.83	80.90	79.14	87.61	87.61	85.64	87.00	87.90	78.52	78.94	77.75	77.58	78.85	78.12	80.84	78.02	79.02	77.99	88.61	69.41	67.34	0.00	0.00	69.30	67.55
Burkholderia_phymatum_STM815	81.49	81.56	81.39	99.45	82.06	81.15	81.52	82.13	78.98	79.39	79.48	80.48	80.07	86.79	86.79	85.75	87.99	85.60	79.35	79.98	78.52	78.41	79.58	79.06	78.81	78.75	78.85	79.04	87.19	69.00	66.99	70.63	69.44	68.44	70.92
Burkholderia_phytofirmans_PsJN	81.02	81.20	81.32	82.21	99.36	80.78	80.95	88.79	79.04	79.15	79.05	80.05	79.55	87.20	87.20	87.55	88.72	88.11	79.03	79.50	78.13	78.59	79.51	78.78	78.85	78.50	78.61	78.72	86.99	0.00	66.80	70.28	69.58	0.00	73.74
Burkholderia_rhizoxinica_HKI_454	80.76	80.93	80.88	81.19	80.96	94.68	80.90	80.98	79.48	80.04	79.33	80.78	80.45	86.69	86.69	85.24	83.58	84.51	79.31	80.41	79.05	78.72	80.63	79.15	78.86	78.74	79.21	79.23	87.41	65.24	57.25	69.09	64.16	65.03	66.90
Burkholderia_thailandensis_E264	83.61	83.44	91.49	81.45	80.68	80.50	98.36	81.08	78.72	78.49	78.89	79.45	79.16	87.19	87.19	86.58	85.33	89.42	78.63	79.22	77.89	77.70	78.89	78.64	78.51	78.36	78.51	78.56	90.03	0.00	67.14	0.00	0.00	0.00	68.89
Burkholderia_xenovorans_LB400	81.30	81.16	81.14	82.13	88.80	80.44	80.96	98.79	80.13	78.60	78.47	79.30	78.95	85.75	85.75	86.44	88.68	87.27	78.34	78.87	78.00	77.90	78.83	78.14	78.41	78.51	78.48	78.20	82.69	58.79	68.55	72.07	66.35	58.79	65.57
Cupriavidus_metallidurans_CH34	78.80	78.94	78.58	79.62	79.31	79.50	78.75	80.41	99.40	82.41	82.33	80.08	79.20	89.17	89.17	89.53	87.57	90.51	82.31	82.24	79.96	80.37	82.52	80.25	80.18	79.97	80.34	80.15	85.11	69.42	0.00	64.96	69.45	69.32	71.02
Cupriavidus_necator_N-1	78.56	78.79	78.87	79.84	79.07	79.32	78.86	78.89	82.41	99.03	88.39	79.70	79.32	87.14	87.14	86.59	85.71	86.80	95.04	83.90	79.76	80.04	88.87	80.70	80.62	80.33	80.60	80.70	81.54	65.25	67.27	0.00	69.28	65.25	69.35
Cupriavidus_taiwanensis_str._LMG19424	78.61	78.99	78.75	79.71	78.64	78.94	78.75	78.53	82.33	88.39	99.05	79.37	79.03	90.46	90.46	88.09	88.39	88.49	88.42	83.92	79.98	80.07	87.07	80.67	81.02	80.56	81.02	80.81	89.43	0.00	65.62	72.31	72.13	0.00	65.71
Pandoraea_pnomenusa_3kgm	79.91	79.90	81.23	80.49	79.76	80.33	79.45	79.37	79.73	79.27	79.39	99.55	99.04	89.15	89.15	88.23	87.57	87.58	79.13	80.02	78.86	78.67	79.80	78.83	79.09	79.05	79.17	78.78	87.42	66.61	0.00	74.13	71.42	67.99	69.78
Pandoraea_pnomenusa_RB38	79.75	79.75	79.19	80.02	79.48	79.83	79.19	79.20	79.19	79.30	79.29	99.12	99.58	87.94	87.94	86.31	86.27	86.07	79.09	79.66	78.65	78.33	79.35	78.76	78.90	79.06	79.14	78.66	89.23	67.76	64.92	68.95	72.77	68.26	69.87
Polunucleobacter_sp_FNE-F8_bin_6_1_PnecC.1	89.21	89.37	87.37	86.50	86.63	87.13	87.91	86.71	87.41	86.24	87.73	89.15	88.90	99.94	99.94	80.00	79.91	80.34	86.42	88.24	83.35	81.22	86.92	83.81	84.05	84.79	83.45	83.04	79.01	79.01	79.26	78.79	79.01	78.66	78.53
Polunucleobacter_sp_FNE-F8_bin_6_1_PnecC	89.21	89.37	87.37	86.50	86.63	87.13	87.91	86.71	87.41	86.24	87.73	89.15	88.90	99.94	99.94	80.00	79.91	80.34	86.42	88.24	83.35	81.22	86.92	83.81	84.05	84.79	83.45	83.04	79.01	79.01	79.26	78.79	79.01	78.66	78.53
Polynucleobacter_necessarius_STIR1	88.62	87.83	85.19	86.03	87.44	86.63	86.15	86.96	89.21	87.22	87.73	87.98	87.50	80.28	80.28	100.00	80.09	81.83	87.62	87.63	84.15	84.28	87.62	84.74	84.90	85.54	83.88	84.25	79.80	78.53	78.92	81.80	80.79	78.30	78.25
Polynucleobacter_necessarius_asymbioticus_MWH-MoK4	86.72	87.04	85.15	87.19	87.06	83.42	85.99	87.44	87.71	86.68	86.80	89.09	88.86	80.06	80.06	80.17	99.99	79.76	87.04	88.58	86.70	88.79	88.36	87.05	88.02	90.30	89.94	87.05	79.40	79.01	79.05	78.47	78.65	78.93	77.88
Polynucleobacter_sp_QLW-P1DMWA-1	89.42	89.73	87.69	86.56	87.37	85.12	88.49	88.25	87.93	85.23	85.25	85.91	84.25	80.38	80.38	81.81	79.84	99.80	85.18	86.74	83.62	84.57	85.69	86.47	86.23	87.17	86.08	86.60	79.56	78.19	78.97	80.24	80.73	78.02	78.27
Ralstonia_eutropha_H16	78.44	78.69	78.56	79.17	78.91	79.17	78.79	78.44	82.39	94.97	88.45	79.44	78.96	86.64	86.64	86.91	87.05	86.59	98.97	83.77	80.12	80.15	88.72	80.54	80.64	80.33	80.67	80.58	82.34	68.32	66.95	0.00	69.48	68.32	67.61
Ralstonia_eutropha_JMP134	79.29	79.53	79.08	79.74	79.96	80.48	78.83	79.31	82.28	83.92	83.89	80.18	79.82	88.94	88.94	86.81	87.84	88.43	83.85	99.26	80.27	80.31	83.92	80.68	80.81	80.57	80.79	80.80	79.60	67.52	69.00	69.30	71.27	67.52	71.37
Ralstonia_pickettii_12D	78.28	78.14	77.60	78.39	77.93	78.40	77.81	78.23	79.96	79.84	79.93	78.91	78.35	86.09	86.09	85.78	84.80	83.23	79.89	80.01	99.44	95.48	80.28	84.78	84.67	84.34	84.68	84.59	81.33	67.62	74.04	63.15	72.90	67.94	69.03
Ralstonia_pickettii_12J	78.34	78.48	77.92	78.27	78.17	78.34	77.69	78.14	80.58	80.10	80.21	78.81	78.27	82.45	82.45	84.58	87.71	86.47	80.23	80.19	95.51	99.28	80.33	84.75	84.84	84.46	84.80	84.77	80.78	65.50	67.27	69.02	70.87	66.36	68.94
Ralstonia_pickettii_DTP0602	79.18	79.10	78.90	79.77	79.71	79.56	78.78	78.78	82.50	88.84	87.13	79.81	79.32	86.01	86.01	87.77	86.82	86.04	88.80	83.84	80.44	80.13	98.65	80.76	80.80	80.75	81.06	81.04	84.21	65.77	68.67	70.97	68.46	65.83	67.65
Ralstonia_solanacearum_CFBP2957	78.44	78.53	78.17	78.67	78.89	78.71	78.38	78.71	80.25	80.48	80.74	78.75	78.38	84.58	84.58	84.93	88.88	87.21	80.32	80.68	84.72	84.68	80.76	98.06	91.58	91.26	91.61	95.90	81.56	62.03	72.33	73.73	64.50	62.28	69.97
Ralstonia_solanacearum_CMR15	78.98	78.65	81.00	78.50	78.83	78.44	78.62	78.42	80.43	80.69	80.95	79.28	79.00	85.93	85.93	83.71	87.74	86.23	80.81	80.82	84.62	84.81	80.92	91.53	99.50	95.75	96.11	91.57	82.27	63.19	72.25	73.63	67.96	63.39	67.55
Ralstonia_solanacearum_FQY_4	78.58	78.85	78.55	78.72	79.06	78.37	78.34	78.83	80.36	80.45	80.57	79.21	78.95	87.64	87.64	86.50	87.29	89.02	80.55	80.51	84.25	84.39	80.69	91.23	95.68	98.55	97.78	91.23	86.36	65.79	67.47	71.84	0.00	63.77	66.25
Ralstonia_solanacearum_GMI1000	78.66	79.11	79.44	78.87	78.73	78.72	78.55	78.58	80.48	80.75	81.11	79.45	79.22	85.41	85.41	82.58	89.38	90.82	80.79	80.60	84.53	84.65	81.02	91.64	96.04	97.73	99.19	91.60	83.41	69.62	67.69	69.64	67.29	66.85	68.16
Ralstonia_solanacearum_Po82	78.56	78.43	78.44	78.85	78.92	78.55	78.42	78.68	80.14	80.65	80.78	78.91	78.58	85.86	85.86	85.83	87.03	86.80	80.57	80.69	84.47	84.68	80.92	96.18	91.55	91.17	91.46	99.52	81.72	67.23	69.72	69.40	64.43	67.33	67.29
AAA027C02	70.62	68.01	0.00	0.00	74.19	0.00	69.31	73.89	69.64	68.69	71.66	0.00	0.00	79.27	79.27	79.87	79.72	79.87	71.41	69.95	72.50	72.66	68.43	73.56	73.32	73.64	73.77	73.70	99.92	77.74	78.16	78.99	79.53	77.50	77.75
TBepi2093	67.88	67.77	67.84	68.93	0.00	68.55	66.46	65.80	70.17	0.00	62.08	66.11	66.12	79.20	79.20	78.69	79.20	78.16	68.46	63.37	62.46	63.09	68.86	61.84	61.62	61.70	61.64	65.00	77.87	99.50	78.82	77.77	77.89	99.38	77.87
TBepi2094	62.60	62.49	63.38	68.08	68.90	66.59	62.49	67.44	65.78	65.56	64.68	66.15	66.15	79.38	79.38	78.71	78.75	78.69	66.14	66.61	67.79	65.22	66.56	68.17	68.41	68.24	68.11	68.38	77.99	78.96	99.93	77.87	78.27	78.58	78.15
TBepi3838	0.00	0.00	0.00	73.46	70.93	65.34	0.00	71.70	68.00	0.00	74.35	69.38	69.38	78.77	78.77	82.04	78.55	80.27	0.00	72.41	62.22	64.84	74.85	74.30	74.20	74.40	74.60	71.11	78.61	77.37	78.03	99.94	80.74	77.24	78.79
TBepi567	72.44	64.92	0.00	70.15	71.38	68.61	0.00	69.03	68.01	70.76	70.71	68.56	68.66	78.97	78.97	80.57	78.55	80.83	69.97	71.50	67.41	69.36	70.58	75.41	66.94	0.00	67.29	0.00	79.37	77.95	78.45	80.67	99.97	77.76	77.86
TBhypo941	70.03	69.58	69.62	69.06	0.00	68.70	69.55	0.00	70.22	66.22	63.69	70.81	70.79	79.02	79.02	78.26	78.98	78.05	68.19	64.05	65.83	65.94	66.21	63.53	64.26	64.25	64.19	65.95	77.69	99.36	78.53	77.50	77.84	99.85	77.90
TBhypo944	69.94	66.41	67.00	70.52	69.73	72.11	67.79	71.79	69.65	69.32	69.33	70.37	70.00	78.73	78.73	78.32	78.17	78.20	68.88	71.17	70.37	69.67	70.47	69.22	66.86	67.23	67.24	66.86	77.39	78.02	78.40	79.07	78.07	78.06	99.64